2.502401620370370630e-02 -1.065941945301725902e+01
7.504204861111112013e-02 -7.989772472779792523e-01
1.250600810185185097e-01 2.540225438774398548e+00
1.750781134259259408e-01 4.245780858323804807e+00
2.250961458333333165e-01 5.416988637768068493e+00
2.751141782407407477e-01 6.276597765778856086e+00
3.251322106481481233e-01 7.499460081582418169e+00
3.751502430555555545e-01 8.950713274582108525e+00
4.251682754629629857e-01 9.201513792016902116e+00
4.751863078703704169e-01 9.022600066111479578e+00
5.252043402777777370e-01 9.263226390127103471e+00
5.752223726851852792e-01 9.735161527213628929e+00
6.252404050925925993e-01 1.020489332348581968e+01
6.752584375000000305e-01 1.054228038710913928e+01
7.252764699074074617e-01 1.103711872886709777e+01
7.752945023148147818e-01 1.137578410530580442e+01
8.253125347222223240e-01 1.170886564437517841e+01
8.753305671296296442e-01 1.187082651703632230e+01
9.253485995370370754e-01 1.223879505571910009e+01
9.753666319444445065e-01 1.237559580538949433e+01
1.025384664351852049e+00 1.265585311670481516e+01
1.075402696759259591e+00 1.293175575349981266e+01
1.125420729166666689e+00 1.315783841756125838e+01
1.175438761574074231e+00 1.331316482622732522e+01
1.225456793981481773e+00 1.371887215950225780e+01
1.275474826388889094e+00 1.387311491193741020e+01
1.325492858796296414e+00 1.410459169019283365e+01
1.375510891203703956e+00 1.425272047068372494e+01
1.425528923611111276e+00 1.441987262572649797e+01
1.475546956018518596e+00 1.459659978825171578e+01
1.525564988425926138e+00 1.488824600078332416e+01
1.575583020833333681e+00 1.502563920243433593e+01
1.625601053240740779e+00 1.514953871431689336e+01
1.675619085648148321e+00 1.537273402761893948e+01
1.725637118055555863e+00 1.550309521020640346e+01
1.775655150462963183e+00 1.556370317823299132e+01
1.825673182870370503e+00 1.582839043930987799e+01
1.875691215277778046e+00 1.594621979928333033e+01
1.925709247685185366e+00 1.618677897889665118e+01
1.975727280092592686e+00 1.624350606359801930e+01
2.025745312499999784e+00 1.647253825987279896e+01
2.075763344907407770e+00 1.669950122816976190e+01
2.125781377314814868e+00 1.677888052571572430e+01
2.175799409722221966e+00 1.698854817768956238e+01
2.225817442129629953e+00 1.720710878953896739e+01
2.275835474537037051e+00 1.746128807392009463e+01
2.325853506944444149e+00 1.769437032709774371e+01
2.375871539351852135e+00 1.801500533683670113e+01
2.425889571759259233e+00 1.845946505518271152e+01
2.475907604166666331e+00 1.908285865572261031e+01
2.525925636574074318e+00 1.980574604601055810e+01
2.575943668981481416e+00 2.064190354198267130e+01
2.625961701388888958e+00 2.147910118706836258e+01
2.675979733796296500e+00 2.217048706487213749e+01
2.725997766203703598e+00 2.258897950775692820e+01
2.776015798611111141e+00 2.289751085243531747e+01
2.826033831018518683e+00 2.305125195052008991e+01
2.876051863425925781e+00 2.314158762509250167e+01
2.926069895833333323e+00 2.319296921114844068e+01
2.976087928240740865e+00 2.316802050951315195e+01
3.026105960648147963e+00 2.339571530246310260e+01
3.076123993055555950e+00 2.346413102869381007e+01
3.126142025462963048e+00 2.349030581129047945e+01
3.176160057870370146e+00 2.342749489803518159e+01
3.226178090277778132e+00 2.345097679057612083e+01
3.276196122685185230e+00 2.364023117549280073e+01
3.326214155092592328e+00 2.356486970674475501e+01
3.376232187500000315e+00 2.365131328096337171e+01
3.426250219907407413e+00 2.359078136014572991e+01
3.476268252314814955e+00 2.353570547569627891e+01
3.526286284722222497e+00 2.364225675271302407e+01
3.576304317129629595e+00 2.362360410732328830e+01
3.626322349537037137e+00 2.368763294296104505e+01
3.676340381944444680e+00 2.360176469886174999e+01
3.726358414351851778e+00 2.358678067994186733e+01
3.776376446759259320e+00 2.375674006329076704e+01
3.826394479166666862e+00 2.369475048756718039e+01
3.876412511574073960e+00 2.374734994325625337e+01
3.926430543981481947e+00 2.380422978232363818e+01
3.976448576388889045e+00 2.385708104086833359e+01
4.026466608796296143e+00 2.391333721025613102e+01
4.076484641203704129e+00 2.391488554769849628e+01
4.126502673611112115e+00 2.397362828544665447e+01
4.176520706018519213e+00 2.401739206330766763e+01
4.226538738425926311e+00 2.412429891646595692e+01
4.276556770833334298e+00 2.417818281166733030e+01
4.326574803240741396e+00 2.423978854425689633e+01
4.376592835648148494e+00 2.443359678776692689e+01
4.426610868055556480e+00 2.448819023636793801e+01
4.476628900462963578e+00 2.464619423018474720e+01
4.526646932870370676e+00 2.470298800922677884e+01
4.576664965277778663e+00 2.478446906591187116e+01
4.626682997685185761e+00 2.511572303761120040e+01
4.676701030092592859e+00 2.500990166461283337e+01
4.726719062500000845e+00 2.519402919746457670e+01
4.776737094907407943e+00 2.533404121496574390e+01
4.826755127314815041e+00 2.543398360503885769e+01
4.876773159722223028e+00 2.548262169432773305e+01
4.926791192129630126e+00 2.556757582281625574e+01
4.976809224537037224e+00 2.566528036187454020e+01
5.026827256944445210e+00 2.557653485511955793e+01
5.076845289351853197e+00 2.572540058145255415e+01
5.126863321759259406e+00 2.564598644991259135e+01
5.176881354166667393e+00 2.565990722564825433e+01
5.226899386574075379e+00 2.573575088371461561e+01
5.276917418981481589e+00 2.565291306957413298e+01
5.326935451388889575e+00 2.573218051883188906e+01
5.376953483796297562e+00 2.570877059067590054e+01
5.426971516203703771e+00 2.573268056058935827e+01
5.476989548611111758e+00 2.568299450800531147e+01
5.527007581018519744e+00 2.566553547734362439e+01
5.577025613425925954e+00 2.570684348172936140e+01
5.627043645833333940e+00 2.565003564869361696e+01
5.677061678240741927e+00 2.565820029389391976e+01
5.727079710648148136e+00 2.569437136025781854e+01
5.777097743055556123e+00 2.573092715335026526e+01
5.827115775462964109e+00 2.566926234316862931e+01
5.877133807870370319e+00 2.568845731757990691e+01
5.927151840277778305e+00 2.582358990381512598e+01
5.977169872685186292e+00 2.574159459404937067e+01
6.027187905092593390e+00 2.565320823695699559e+01
6.077205937500000488e+00 2.546030712934040707e+01
6.127223969907408474e+00 2.566574771981112590e+01
6.177242002314815572e+00 2.564313164442215509e+01
6.227260034722222670e+00 2.570449294976662813e+01
6.277278067129630656e+00 2.572450214409364477e+01
6.327296099537037755e+00 2.578763822991960808e+01
6.377314131944444853e+00 2.565311114056902753e+01
6.427332164351852839e+00 2.571545227377034237e+01
6.477350196759259937e+00 2.582574470282306578e+01
6.527368229166667035e+00 2.592242815406853040e+01
6.577386261574075021e+00 2.581051395099657952e+01
6.627404293981482120e+00 2.572291795006130144e+01
6.677422326388889218e+00 2.588057101605916799e+01
6.727440358796297204e+00 2.577786501662872709e+01
6.777458391203704302e+00 2.605596462980470918e+01
6.827476423611111400e+00 2.587552720316736199e+01
6.877494456018519386e+00 2.592449669347809404e+01
6.927512488425927373e+00 2.592614750508978716e+01
6.977530520833333583e+00 2.608822491460032111e+01
7.027548553240741569e+00 2.600617520618573408e+01
7.077566585648149555e+00 2.600162341095603225e+01
7.127584618055555765e+00 2.611123864820264728e+01
7.177602650462963751e+00 2.599512557642702149e+01
7.227620682870371738e+00 2.596995333232847258e+01
7.277638715277777948e+00 2.602396976202943790e+01
7.327656747685185934e+00 2.606707530766584213e+01
7.377674780092593920e+00 2.604245372608917108e+01
7.427692812500000130e+00 2.602815265250342947e+01
7.477710844907408116e+00 2.602849048922906761e+01
7.527728877314816103e+00 2.602903619586304984e+01
7.577746909722222313e+00 2.613912398945633342e+01
7.627764942129630299e+00 2.597806677709295187e+01
7.677782974537038285e+00 2.614294572658898375e+01
7.727801006944444495e+00 2.601102222971150368e+01
7.777819039351852481e+00 2.607396381347669845e+01
7.827837071759260468e+00 2.607334678023829966e+01
7.877855104166667566e+00 2.607510934451514473e+01
7.927873136574074664e+00 2.598814602684259256e+01
7.977891168981481762e+00 2.589214103204051654e+01
8.027909201388888860e+00 2.610234020479034811e+01
8.077927233796295070e+00 2.602489997211837292e+01
8.127945266203703056e+00 2.601278520662739524e+01
8.177963298611111043e+00 2.595565810252666950e+01
8.227981331018519029e+00 2.597490941930691477e+01
8.277999363425927015e+00 2.596016119479777728e+01
8.328017395833333225e+00 2.592014257014290379e+01
8.378035428240741211e+00 2.591731544375344143e+01
8.428053460648147421e+00 2.595500798443633528e+01
8.478071493055555408e+00 2.597765791856133788e+01
8.528089525462963394e+00 2.590182170393310912e+01
8.578107557870371380e+00 2.593379643101306442e+01
8.628125590277777590e+00 2.591029207576213267e+01
8.678143622685185576e+00 2.585500916873990107e+01
8.728161655092591786e+00 2.610675141324235327e+01
8.778179687499999773e+00 2.592182490205569678e+01
8.828197719907407759e+00 2.612016161943246217e+01
8.878215752314815745e+00 2.605717541250371738e+01
8.928233784722221955e+00 2.584388547952742954e+01
8.978251817129629941e+00 2.605696421929759765e+01
9.028269849537036151e+00 2.603704043411987001e+01
9.078287881944444138e+00 2.594396273428490929e+01
9.128305914351852124e+00 2.607497421020084616e+01
9.178323946759260110e+00 2.603721216409932993e+01
9.228341979166666320e+00 2.590112856018015819e+01
9.278360011574074306e+00 2.607289536942941766e+01
9.328378043981480516e+00 2.600354726178333564e+01
9.378396076388888503e+00 2.599364710400575973e+01
9.428414108796296489e+00 2.591016727376925388e+01
9.478432141203704475e+00 2.623842199019492583e+01
9.528450173611110685e+00 2.606147074424042032e+01
9.578468206018518671e+00 2.613597175165137898e+01
9.628486238425924881e+00 2.604243244870237817e+01
9.678504270833332868e+00 2.615153647313216823e+01
9.728522303240740854e+00 2.616749345338627464e+01
9.778540335648148840e+00 2.622249875823435161e+01
9.828558368055555050e+00 2.618993675315939385e+01
