2.504029109589040944e-02 -8.125505698669138965e+00
7.512287328767122685e-02 4.166026684337154506e+00
1.252054554794520547e-01 6.031750916948277030e+00
1.752880376712328547e-01 1.054305474339867388e+01
2.253706198630137103e-01 1.158254658090664968e+01
2.754532020547945104e-01 1.260562435792037839e+01
3.255357842465753659e-01 1.371659884489965542e+01
3.756183664383562215e-01 1.442599499025644683e+01
4.257009486301369661e-01 1.520465081105207261e+01
4.757835308219178216e-01 1.544541612759005211e+01
5.258661130136985662e-01 1.596455133729797105e+01
5.759486952054794218e-01 1.633017790983153716e+01
6.260312773972602773e-01 1.665100696559556326e+01
6.761138595890410219e-01 1.702939112297579882e+01
7.261964417808218775e-01 1.742790303958931730e+01
7.762790239726027330e-01 1.786077579662994452e+01
8.263616061643834776e-01 1.813242055567552313e+01
8.764441883561643332e-01 1.842435654623745478e+01
9.265267705479451887e-01 1.873120504660902697e+01
9.766093527397260443e-01 1.901419255543239828e+01
1.026691934931506900e+00 1.922475064575823112e+01
1.076774517123287644e+00 1.944211782216913420e+01
1.126857099315068611e+00 1.966903292697232430e+01
1.176939681506849356e+00 1.987369073833512800e+01
1.227022263698630322e+00 2.007117745184883262e+01
1.277104845890411067e+00 2.029199273941648229e+01
1.327187428082191811e+00 2.051265783338170223e+01
1.377270010273972556e+00 2.071796099849726502e+01
1.427352592465753522e+00 2.092281794516789617e+01
1.477435174657534267e+00 2.113434349645622845e+01
1.527517756849315234e+00 2.127146378861240450e+01
1.577600339041095978e+00 2.141951768979961557e+01
1.627682921232876723e+00 2.162625250658641463e+01
1.677765503424657467e+00 2.186467222656574450e+01
1.727848085616438434e+00 2.201069106261288155e+01
1.777930667808219178e+00 2.212566177466715800e+01
1.828013250000000145e+00 2.229973653821237178e+01
1.878095832191780890e+00 2.247947897085968449e+01
1.928178414383561634e+00 2.263455690379453955e+01
1.978260996575342379e+00 2.283130017882152174e+01
2.028343578767123123e+00 2.294478444050995236e+01
2.078426160958903868e+00 2.318562086390634747e+01
2.128508743150684612e+00 2.336970448073122597e+01
2.178591325342465801e+00 2.347053438019850446e+01
2.228673907534246545e+00 2.365681682086099258e+01
2.278756489726027290e+00 2.392123862421571800e+01
2.328839071917808035e+00 2.415493103557053090e+01
2.378921654109588779e+00 2.447027350250237276e+01
2.429004236301369524e+00 2.492770189385962709e+01
2.479086818493150268e+00 2.551776866338618888e+01
2.529169400684931457e+00 2.622136015403222231e+01
2.579251982876712201e+00 2.708506821471727477e+01
2.629334565068492946e+00 2.796464630799048123e+01
2.679417147260273691e+00 2.865714369063036315e+01
2.729499729452054435e+00 2.907283578840401361e+01
2.779582311643835624e+00 2.942026949208185727e+01
2.829664893835616368e+00 2.949750655688854195e+01
2.879747476027397113e+00 2.964760665402859630e+01
2.929830058219177857e+00 2.973531644774101323e+01
2.979912640410958602e+00 2.975472046118527913e+01
3.029995222602739346e+00 2.981592596613116797e+01
3.080077804794520091e+00 2.994131653599403009e+01
3.130160386986301280e+00 2.994942867407401010e+01
3.180242969178082024e+00 3.003021950104588100e+01
3.230325551369862769e+00 2.998274655167218938e+01
3.280408133561643513e+00 3.002271757078559133e+01
3.330490715753424702e+00 2.998757246090367801e+01
3.380573297945205447e+00 3.000761836308142350e+01
3.430655880136986191e+00 3.002857901157264209e+01
3.480738462328766936e+00 3.005558430351943855e+01
3.530821044520547680e+00 3.004691290959047123e+01
3.580903626712328425e+00 3.008106422171386285e+01
3.630986208904109169e+00 3.008905114103177070e+01
3.681068791095890358e+00 3.007503819506268172e+01
3.731151373287671102e+00 3.008294294713685346e+01
3.781233955479451847e+00 3.015249860278552418e+01
3.831316537671232592e+00 3.012500690665351044e+01
3.881399119863013336e+00 3.021780586032380711e+01
3.931481702054794525e+00 3.025986100773624798e+01
3.981564284246575269e+00 3.027135725046183978e+01
4.031646866438356014e+00 3.029955116495215250e+01
4.081729448630136758e+00 3.040372536921812952e+01
4.131812030821917503e+00 3.047980061691551867e+01
4.181894613013698248e+00 3.061792235217389546e+01
4.231977195205478992e+00 3.072822819371070580e+01
4.282059777397259737e+00 3.075089839142999537e+01
4.332142359589040481e+00 3.087315391046693591e+01
4.382224941780821226e+00 3.096456107472922170e+01
4.432307523972602858e+00 3.111614101459880999e+01
4.482390106164383603e+00 3.115983485648674289e+01
4.532472688356164348e+00 3.128998005113539094e+01
4.582555270547945092e+00 3.137972675149213231e+01
4.632637852739725837e+00 3.155421766520294113e+01
4.682720434931506581e+00 3.166530335048103950e+01
4.732803017123287326e+00 3.173938472429269098e+01
4.782885599315068070e+00 3.189534531183317156e+01
4.832968181506848815e+00 3.199396391527264072e+01
4.883050763698629559e+00 3.201926953670081843e+01
4.933133345890411192e+00 3.209713440587916011e+01
4.983215928082191937e+00 3.210980384299237045e+01
5.033298510273972681e+00 3.216801566836342374e+01
5.083381092465753426e+00 3.223677860627075376e+01
5.133463674657534170e+00 3.225623673964948779e+01
5.183546256849314915e+00 3.230017096467419435e+01
5.233628839041095659e+00 3.229962907915213322e+01
5.283711421232876404e+00 3.225276035499657468e+01
5.333794003424657149e+00 3.228899363485155050e+01
5.383876585616437893e+00 3.222377857889691199e+01
5.433959167808218638e+00 3.224139865534108651e+01
5.484041749999999382e+00 3.230718303582401063e+01
5.534124332191780127e+00 3.231843865810046879e+01
5.584206914383561760e+00 3.223650132078775243e+01
5.634289496575342504e+00 3.220503126009305817e+01
5.684372078767123249e+00 3.227521379910655952e+01
5.734454660958903993e+00 3.225091807129454935e+01
5.784537243150684738e+00 3.222819562085045675e+01
5.834619825342465482e+00 3.221236312533349633e+01
5.884702407534246227e+00 3.226470682553701153e+01
5.934784989726026971e+00 3.224840528558045349e+01
5.984867571917807716e+00 3.222536874153452402e+01
6.034950154109588460e+00 3.224254496825851390e+01
6.085032736301369205e+00 3.228620654095227138e+01
6.135115318493150838e+00 3.231791823228666516e+01
6.185197900684931582e+00 3.238269055077959280e+01
